epsilon,QPA_1
0.08,0.8183644531249988
